#x [10^-3 m]         I [10^-9 A]
0          055 
2          053 
4          092 
6          055 
8          048 
10         05 
11         042 
12         032 
13         031 
14         037 
15         048 
16         03 
17         077 
18         091 
19         064 
20         055 
20.5       089 
21         092 
21.5       270 
22         440 
22.5       800 
23         1100 
23.5       1200 
24         1580 
24.5       1900 
25         1700 
25.5       1650 
26         1950 
26.5       1560 
27         1050 
27.5       1100 
28         800 
28.5       400 
29         265 
29.5       200 
30         60 
31         45 
32         67 
33         58 
34         60 
35         15 
36         27 
37         22 
38         26 
39         24 
40         6 
42         13 
44         10 
46         8 
48         8 
50         4 