# N,Nerror
114.671368   10.874673
113.140456   10.799628
113.140456   10.799628
114.671368   10.874673
116.202698   10.949283
114.671368   10.874673
114.161018   10.849707
115.692208   10.924460
115.181765   10.899590
113.140456   10.799628
110.589863   10.673564
110.079884   10.648199
109.060064   10.597315
107.020980   10.494918
105.492154   10.417557
102.435751   10.261339
100.908174   10.182459
101.417320   10.208811
98.363137   10.049809
95.819255   9.915627
93.276527   9.779849
90.226777   9.614713
88.702524   9.531208
85.147547   9.333816
83.624676   9.248084
81.594826   9.132669
79.058549   8.986554
76.523420   8.838292
74.496144   8.718063
72.469603   8.596329
68.924922   8.379473
