# N,Nerror
230.692281   15.664029
236.947463   15.888107
245.820791   16.201850
253.661730   16.475264
260.989714   16.727711
268.327154   16.977640
275.674069   17.225166
283.030477   17.470397
288.290876   17.644214
297.244711   17.937232
303.045868   18.125238
308.324769   18.295107
317.310115   18.581684
319.955556   18.665461
326.309613   18.865610
333.731614   19.097529
338.507989   19.245748
342.757003   19.376940
347.540916   19.523921
351.264501   19.637801
359.251765   19.880576
361.383583   19.945034
364.582795   20.041503
368.317466   20.153725
370.986576   20.233673
375.794104   20.377143
379.536077   20.488352
381.675441   20.551754
383.280488   20.599236
388.098318   20.741331
388.633882   20.757087
