# T,Terror
0.4971   0.0580
0.4775   0.0557
0.4603   0.0534
0.4521   0.0520
0.4452   0.0507
0.4274   0.0487
0.4141   0.0471
0.4088   0.0461
0.3995   0.0450
0.3806   0.0430
0.3649   0.0414
0.3570   0.0405
0.3437   0.0390
0.3345   0.0382
0.3233   0.0370
0.3069   0.0354
0.2981   0.0345
0.2959   0.0342
0.2830   0.0330
0.2728   0.0321
0.2596   0.0308
0.2497   0.0300
0.2433   0.0294
0.2312   0.0283
0.2254   0.0278
0.2171   0.0270
0.2083   0.0262
0.2005   0.0255
0.1944   0.0250
0.1867   0.0243
0.1774   0.0236
