# N,Nerror
4.908897152359340064e-11   4.908897152359340064e-11
4.978667483107045789e-11   4.978667483107045789e-11
5.048422647970175361e-11   5.048422647970175361e-11
5.118162434462397898e-11   5.118162434462397898e-11
5.187886630144228728e-11   5.187886630144228728e-11
5.257595022623677565e-11   5.257595022623677565e-11
5.327287399556891509e-11   5.327287399556891509e-11
5.396963548648803869e-11   5.396963548648803869e-11
5.466623257653780396e-11   5.466623257653780396e-11
5.536266314376266811e-11   5.536266314376266811e-11
5.605892506671435688e-11   5.605892506671435688e-11
5.675501622445829452e-11   5.675501622445829452e-11
5.745093449658008559e-11   5.745093449658008559e-11
5.814667776319200959e-11   5.814667776319200959e-11
5.884224390493939930e-11   5.884224390493939930e-11
5.953763080300716128e-11   5.953763080300716128e-11
6.023283633912619302e-11   6.023283633912619302e-11
6.092785839557989046e-11   6.092785839557989046e-11
6.162269485521053932e-11   6.162269485521053932e-11
6.231734360142575157e-11   6.231734360142575157e-11
6.301180251820499238e-11   6.301180251820499238e-11
6.370606949010596496e-11   6.370606949010596496e-11
6.440014240227107289e-11   6.440014240227107289e-11
6.509401914043386953e-11   6.509401914043386953e-11
6.578769759092544286e-11   6.578769759092544286e-11
6.648117564068095532e-11   6.648117564068095532e-11
6.717445117724598991e-11   6.717445117724598991e-11
6.786752208878303830e-11   6.786752208878303830e-11
6.856038626407791155e-11   6.856038626407791155e-11
6.925304159254616366e-11   6.925304159254616366e-11
6.994548596423954100e-11   6.994548596423954100e-11
