#T_{schwebung}  T_{schwingung} (L=71cm) |||||||| T_{schwebung}  T_{schwingung} (L=32cm)
67.61   1.74                                     27.48              1.27
66.48   1.718                                    26.84              1.27
68.33   1.68                                     27.16              1.324
67.56   1.646                                    26.05              1.172
67.71   1.684                                    26.03              1.264
66.28   1.722                                    25.80              1.252
67.49   1.734                                    25.56              1.284
67.19   1.712                                    26.59              1.166
66.02   1.678                                    24.06              1.28
68.37   1.724                                    25.76              1.21